VERSION_4
OPTICAL_BAR
image_size = 7131 1318
image_center = 3565.5 659
pitch = 0.000112
f = 1.5199999809265137
scan_time = 1
forward_tilt = 0
iC = -589158.87363353837 -6227206.4773369422 1908890.4097857014
iR = 0.91147317007963569 -0.11722535820278623 -0.39430302512053872 0.38423606682232081 -0.099682494721558462 0.9178377009030515 -0.14689896248065459 -0.98808988236916739 -0.045815708897629176
speed = 0
mean_earth_radius = 6371000
mean_surface_elevation = 1502
motion_compensation_factor = 0
scan_dir = right
velocity = 0 0 0
final_pose = 4.415418469682149 0.57771249547277626 -1.1502431479400224
