VERSION_4
OPTICAL_BAR
image_size = 7114 1320
image_center = 3557 660
pitch = 0.000112
f = 1.5199999809265137
scan_time = 1
forward_tilt = 0
iC = -578093.84840136708 -6212651.2285560155 1959791.4786026618
iR = 0.88432195269061642 -0.16665302329327258 -0.43612091650901941 0.32453569130326143 -0.45211346733505942 0.83082488992842785 -0.33563561947410969 -0.87625349213654036 -0.34572901014920421
speed = 0
mean_earth_radius = 6371000
mean_surface_elevation = 1502
motion_compensation_factor = 0
scan_dir = right
velocity = 0 0 0
final_pose = 4.0653868035247651 0.22772765509950085 -1.1762263979063687
